0   0.6
1   0.642
2   0.628
3   0.656
4   0.702
5   0.66
6   0.6475
7   0.68
8   0.672
9   0.688
10   0.614
11   0.64
12   0.652
13   0.724
14   0.666
15   0.674
16   0.686
17   0.71
18   0.656
19   0.66
20   0.646
21   0.69
22   0.686
23   0.67
24   0.67
25   0.656
26   0.662
27   0.71
28   0.694
29   0.684
30   0.666
31   0.666
32   0.676
33   0.676
34   0.654
35   0.696
36   0.7
37   0.678
38   0.704
39   0.686
40   0.632
41   0.674
42   0.67
43   0.69
44   0.664
45   0.656
46   0.676
47   0.696
48   0.686
49   0.71
50   0.708
51   0.682
52   0.654
53   0.702
54   0.7
55   0.71
56   0.698
57   0.714
58   0.666
59   0.666
60   0.71
61   0.684
62   0.696
63   0.684
64   0.684
65   0.704
66   0.69
67   0.684
68   0.708
69   0.694
70   0.676
71   0.67
72   0.678
73   0.682
74   0.686
75   0.702
76   0.71
77   0.656
78   0.67
79   0.686
80   0.7075
81   0.678
82   0.696
83   0.664
84   0.692
85   0.662
86   0.656
87   0.692
88   0.684
89   0.698
90   0.734
91   0.74
92   0.706
93   0.684
94   0.69
95   0.672
96   0.712
97   0.708
98   0.684
99   0.68
100   0.678
101   0.686
102   0.67
103   0.696
104   0.71
105   0.704
106   0.73
107   0.68
108   0.702
109   0.68
110   0.652
111   0.7
112   0.682
113   0.672
114   0.69
115   0.68
116   0.665
117   0.706
118   0.7
119   0.662
120   0.736
121   0.704
122   0.704
123   0.704
124   0.686
125   0.678
126   0.692
127   0.67
128   0.708
129   0.708
130   0.742
131   0.714
132   0.706
133   0.706
134   0.666
135   0.676
136   0.68
137   0.712
138   0.684
139   0.714
140   0.726
141   0.688
142   0.694
143   0.668
144   0.66
145   0.666
146   0.692
147   0.678
148   0.692
149   0.672
150   0.686
151   0.684
152   0.64
153   0.736
154   0.668
155   0.688
156   0.718
157   0.688
158   0.668
159   0.6425
160   0.6666666666666666
