0   0.492
1   0.558
2   0.606
3   0.604
4   0.614
5   0.63
6   0.594
7   0.644
8   0.616
9   0.628
10   0.616
11   0.618
12   0.64
13   0.672
14   0.64
15   0.586
16   0.652
17   0.636
18   0.646
19   0.576
20   0.598
21   0.624
22   0.564
23   0.63
24   0.662
25   0.612
26   0.64
27   0.6325
28   0.62
29   0.668
30   0.61
31   0.604
32   0.636
33   0.662
34   0.654
35   0.672
36   0.662
37   0.636
38   0.614
39   0.652
40   0.642
41   0.624
42   0.616
43   0.626
44   0.692
45   0.61
46   0.648
47   0.648
48   0.648
49   0.644
50   0.676
51   0.658
52   0.636
53   0.666
54   0.68
55   0.658
56   0.66
57   0.676
58   0.662
59   0.64
60   0.684
61   0.638
62   0.684
63   0.656
64   0.664
65   0.654
66   0.684
67   0.666
68   0.65
69   0.682
70   0.638
71   0.654
72   0.644
73   0.636
74   0.646
75   0.685
76   0.688
77   0.674
78   0.664
79   0.662
80   0.654
81   0.658
82   0.622
83   0.658
84   0.674
85   0.664
86   0.634
87   0.654
88   0.636
89   0.622
90   0.628
91   0.67
92   0.694
93   0.664
94   0.696
95   0.668
96   0.688
97   0.68
98   0.678
99   0.674
100   0.666
101   0.68
102   0.632
103   0.688
104   0.678
105   0.642
106   0.648
107   0.654
108   0.696
109   0.676
110   0.662
111   0.66
112   0.666
113   0.652
114   0.7
115   0.658
116   0.66
117   0.706
118   0.654
119   0.7
120   0.692
121   0.704
122   0.704
123   0.678
124   0.678
125   0.656
126   0.684
127   0.674
128   0.7
129   0.696
130   0.63
131   0.644
132   0.638
133   0.644
134   0.704
135   0.684
136   0.664
137   0.676
138   0.654
139   0.718
140   0.7
141   0.69
142   0.66
143   0.674
144   0.692
145   0.67
146   0.642
147   0.626
148   0.654
149   0.698
150   0.686
151   0.672
152   0.688
153   0.684
154   0.672
155   0.674
156   0.694
157   0.678
158   0.674
159   0.686
160   0.695
